# transform file /data/MOTUS/Folder_lou/parcellation/output/freesurfer/sub-MOT05/mri/transforms/cc_up.lta
# created by fourneau@uphummel on Fri Jul 12 20:37:10 2024

type      = 0 # LINEAR_VOX_TO_VOX
nxforms   = 1
mean      = 129.0000 104.0000 105.0000
sigma     = 10000.0000
1 4 4
9.991367459297180e-01 -3.971388563513756e-02 1.219617668539286e-02 2.876169204711914e+00 
3.971092775464058e-02 9.992111921310425e-01 4.847399541176856e-04 3.892086410522461e+01 
-1.220580562949181e-02 0.000000000000000e+00 9.999255537986755e-01 3.257429504394531e+01 
0.000000000000000e+00 0.000000000000000e+00 0.000000000000000e+00 1.000000000000000e+00 
src volume info
valid = 1  # volume info valid
filename = /data/MOTUS/Folder_lou/parcellation/output/freesurfer/sub-MOT05/mri/norm.mgz
volume = 256 256 256
voxelsize = 1.000000000000000e+00 1.000000000000000e+00 1.000000000000000e+00
xras   = -9.999998807907104e-01 -1.018634065985680e-10 0.000000000000000e+00
yras   = 3.725290298461914e-09 -4.656612873077393e-10 -9.999999403953552e-01
zras   = -9.313225746154785e-10 9.999998807907104e-01 4.656612873077393e-10
cras   = 9.997787475585938e-01 3.336615753173828e+01 -2.887907409667969e+01
dst volume info
valid = 1  # volume info valid
filename = /data/MOTUS/Folder_lou/parcellation/output/freesurfer/sub-MOT05/mri/norm.mgz
volume = 256 256 256
voxelsize = 1.000000000000000e+00 1.000000000000000e+00 1.000000000000000e+00
xras   = -9.999998807907104e-01 -1.018634065985680e-10 0.000000000000000e+00
yras   = 3.725290298461914e-09 -4.656612873077393e-10 -9.999999403953552e-01
zras   = -9.313225746154785e-10 9.999998807907104e-01 4.656612873077393e-10
cras   = 9.997787475585938e-01 3.336615753173828e+01 -2.887907409667969e+01
