# transform file transforms/talairach.lta
# created by fourneau@uphummel on Fri Jul 12 18:03:38 2024

type      = 0 # LINEAR_VOX_TO_VOX
nxforms   = 1
mean      = 129.0000 104.0000 105.0000
sigma     = 10000.0000
1 4 4
1.055913090705872e+00 -5.170096829533577e-02 -1.767063513398170e-02 -2.670704364776611e+00 
4.648358374834061e-02 1.137996554374695e+00 3.742574751377106e-01 -3.239783859252930e+01 
5.709904944524169e-04 -4.366490244865417e-01 9.650937914848328e-01 5.180930328369141e+01 
0.000000000000000e+00 0.000000000000000e+00 0.000000000000000e+00 1.000000000000000e+00 
src volume info
valid = 1  # volume info valid
filename = nu.mgz
volume = 256 256 256
voxelsize = 1.000000000000000e+00 1.000000000000000e+00 1.000000000000000e+00
xras   = -9.999998807907104e-01 -1.018634065985680e-10 0.000000000000000e+00
yras   = 3.725290298461914e-09 -4.656612873077393e-10 -9.999999403953552e-01
zras   = -9.313225746154785e-10 9.999998807907104e-01 4.656612873077393e-10
cras   = 9.997787475585938e-01 3.336615753173828e+01 -2.887907409667969e+01
dst volume info
valid = 1  # volume info valid
filename = /opt/freesurfer/average/RB_all_2016-05-10.vc700.gca
volume = 256 256 256
voxelsize = 1.000000000000000e+00 1.000000000000000e+00 1.000000000000000e+00
xras   = -1.000000000000000e+00 0.000000000000000e+00 0.000000000000000e+00
yras   = 0.000000000000000e+00 0.000000000000000e+00 -1.000000000000000e+00
zras   = 0.000000000000000e+00 1.000000000000000e+00 0.000000000000000e+00
cras   = 0.000000000000000e+00 0.000000000000000e+00 0.000000000000000e+00
