type      = 1 # LINEAR_RAS_TO_RAS
nxforms   = 1
mean      = 0.0000 0.0000 0.0000
sigma     = 1.0000
1 4 4
1.061887979507446e+00 -1.363200042396784e-02 -4.083999991416931e-02 1.500699967145920e-01 
-2.223500050604343e-02 1.020161032676697e+00 3.981580138206482e-01 -2.884420776367188e+01 
3.344700112938881e-02 -3.746480047702789e-01 1.122084975242615e+00 4.853928089141846e+00 
0.000000000000000e+00 0.000000000000000e+00 0.000000000000000e+00 1.000000000000000e+00 
src volume info
valid = 1  # volume info valid
filename = /data/MOTUS/Folder_lou/parcellation/output/freesurfer/sub-MOT05/mri/orig_nu.mgz
volume = 256 256 256
voxelsize = 1.000000000000000e+00 1.000000000000000e+00 1.000000000000000e+00
xras   = -9.999998807907104e-01 -1.018634065985680e-10 0.000000000000000e+00
yras   = 3.725290298461914e-09 -4.656612873077393e-10 -9.999999403953552e-01
zras   = -9.313225746154785e-10 9.999998807907104e-01 4.656612873077393e-10
cras   = 9.997787475585938e-01 3.336615753173828e+01 -2.887907409667969e+01
dst volume info
valid = 1  # volume info valid
filename = /opt/freesurfer/average/mni305.cor.mgz
volume = 256 256 256
voxelsize = 1.000000000000000e+00 1.000000000000000e+00 1.000000000000000e+00
xras   = -1.000000000000000e+00 0.000000000000000e+00 0.000000000000000e+00
yras   = 0.000000000000000e+00 0.000000000000000e+00 -1.000000000000000e+00
zras   = 0.000000000000000e+00 1.000000000000000e+00 0.000000000000000e+00
cras   = 0.000000000000000e+00 0.000000000000000e+00 0.000000000000000e+00
subject fsaverage
fscale 0.100000
