# transform file transforms/talairach_with_skull.lta
# created by fourneau@uphummel on Fri Jul 12 17:58:21 2024

type      = 0 # LINEAR_VOX_TO_VOX
nxforms   = 1
mean      = 133.0000 135.0000 124.0000
sigma     = 10000.0000
1 4 4
1.033277034759521e+00 -1.001607719808817e-02 3.624719381332397e-02 -1.018260955810547e+01 
2.219699323177338e-03 1.156413555145264e+00 3.832450807094574e-01 -2.836888694763184e+01 
-3.183585777878761e-02 -3.387196362018585e-01 1.028770446777344e+00 4.085422515869141e+01 
0.000000000000000e+00 0.000000000000000e+00 0.000000000000000e+00 1.000000000000000e+00 
src volume info
valid = 1  # volume info valid
filename = nu.mgz
volume = 256 256 256
voxelsize = 1.000000000000000e+00 1.000000000000000e+00 1.000000000000000e+00
xras   = -9.999998807907104e-01 -1.018634065985680e-10 0.000000000000000e+00
yras   = 3.725290298461914e-09 -4.656612873077393e-10 -9.999999403953552e-01
zras   = -9.313225746154785e-10 9.999998807907104e-01 4.656612873077393e-10
cras   = 9.997787475585938e-01 3.336615753173828e+01 -2.887907409667969e+01
dst volume info
valid = 1  # volume info valid
filename = /opt/freesurfer/average/RB_all_withskull_2016-05-10.vc700.gca
volume = 256 256 256
voxelsize = 1.000000000000000e+00 1.000000000000000e+00 1.000000000000000e+00
xras   = -1.000000000000000e+00 0.000000000000000e+00 0.000000000000000e+00
yras   = 0.000000000000000e+00 0.000000000000000e+00 -1.000000000000000e+00
zras   = 0.000000000000000e+00 1.000000000000000e+00 0.000000000000000e+00
cras   = 0.000000000000000e+00 0.000000000000000e+00 0.000000000000000e+00
