# transform file /data/MOTUS/Folder_lou/parcellation_V2/output/MOT01/mri/transforms/cc_up.lta
# created by fourneau@uphummel on Wed Jul 24 16:20:19 2024

type      = 0 # LINEAR_VOX_TO_VOX
nxforms   = 1
mean      = 128.0000 110.0000 113.0000
sigma     = 10000.0000
1 4 4
9.997208714485168e-01 6.890722550451756e-03 2.259990945458412e-02 -2.468119859695435e+00 
-6.888962350785732e-03 9.999762773513794e-01 -1.557333889650181e-04 4.490394592285156e+01 
-2.260044589638710e-02 0.000000000000000e+00 9.997445940971375e-01 2.593215942382812e+01 
0.000000000000000e+00 0.000000000000000e+00 0.000000000000000e+00 1.000000000000000e+00 
src volume info
valid = 1  # volume info valid
filename = /data/MOTUS/Folder_lou/parcellation_V2/output/MOT01/mri/norm.mgz
volume = 256 256 256
voxelsize = 1.000000000000000e+00 1.000000000000000e+00 1.000000000000000e+00
xras   = -9.999999403953552e-01 -6.984919309616089e-10 9.313225746154785e-10
yras   = 0.000000000000000e+00 -2.980232238769531e-08 -1.000000000000000e+00
zras   = -2.793967723846436e-09 1.000000000000000e+00 2.980232238769531e-08
cras   = -4.721832275390625e-02 2.119854736328125e+01 -2.963072204589844e+01
dst volume info
valid = 1  # volume info valid
filename = /data/MOTUS/Folder_lou/parcellation_V2/output/MOT01/mri/norm.mgz
volume = 256 256 256
voxelsize = 1.000000000000000e+00 1.000000000000000e+00 1.000000000000000e+00
xras   = -9.999999403953552e-01 -6.984919309616089e-10 9.313225746154785e-10
yras   = 0.000000000000000e+00 -2.980232238769531e-08 -1.000000000000000e+00
zras   = -2.793967723846436e-09 1.000000000000000e+00 2.980232238769531e-08
cras   = -4.721832275390625e-02 2.119854736328125e+01 -2.963072204589844e+01
