# transform file transforms/talairach.lta
# created by fourneau@uphummel on Wed Jul 24 12:54:15 2024

type      = 0 # LINEAR_VOX_TO_VOX
nxforms   = 1
mean      = 128.0000 110.0000 113.0000
sigma     = 10000.0000
1 4 4
1.017603635787964e+00 7.731308043003082e-02 -4.891925957053900e-03 -1.294600677490234e+01 
-8.230035006999969e-02 1.133731365203857e+00 2.016195505857468e-01 -2.015382051467896e+00 
1.667308062314987e-02 -1.405280530452728e-01 9.540001749992371e-01 1.464708137512207e+01 
0.000000000000000e+00 0.000000000000000e+00 0.000000000000000e+00 1.000000000000000e+00 
src volume info
valid = 1  # volume info valid
filename = nu.mgz
volume = 256 256 256
voxelsize = 1.000000000000000e+00 1.000000000000000e+00 1.000000000000000e+00
xras   = -9.999999403953552e-01 -6.984919309616089e-10 9.313225746154785e-10
yras   = 0.000000000000000e+00 -2.980232238769531e-08 -1.000000000000000e+00
zras   = -2.793967723846436e-09 1.000000000000000e+00 2.980232238769531e-08
cras   = -4.721832275390625e-02 2.119854736328125e+01 -2.963072204589844e+01
dst volume info
valid = 1  # volume info valid
filename = /opt/freesurfer/average/RB_all_2016-05-10.vc700.gca
volume = 256 256 256
voxelsize = 1.000000000000000e+00 1.000000000000000e+00 1.000000000000000e+00
xras   = -1.000000000000000e+00 0.000000000000000e+00 0.000000000000000e+00
yras   = 0.000000000000000e+00 0.000000000000000e+00 -1.000000000000000e+00
zras   = 0.000000000000000e+00 1.000000000000000e+00 0.000000000000000e+00
cras   = 0.000000000000000e+00 0.000000000000000e+00 0.000000000000000e+00
