# transform file transforms/talairach_with_skull.lta
# created by fourneau@uphummel on Wed Jul 24 12:46:31 2024

type      = 0 # LINEAR_VOX_TO_VOX
nxforms   = 1
mean      = 128.0000 140.0000 129.0000
sigma     = 10000.0000
1 4 4
1.001200675964355e+00 7.242800202220678e-03 5.534037947654724e-03 -3.813742637634277e+00 
-9.534718468785286e-03 1.146090388298035e+00 2.562601864337921e-01 -2.191193199157715e+01 
-3.983967006206512e-03 -2.098573595285416e-01 1.004991531372070e+00 1.966608428955078e+01 
0.000000000000000e+00 0.000000000000000e+00 0.000000000000000e+00 1.000000000000000e+00 
src volume info
valid = 1  # volume info valid
filename = nu.mgz
volume = 256 256 256
voxelsize = 1.000000000000000e+00 1.000000000000000e+00 1.000000000000000e+00
xras   = -9.999999403953552e-01 -6.984919309616089e-10 9.313225746154785e-10
yras   = 0.000000000000000e+00 -2.980232238769531e-08 -1.000000000000000e+00
zras   = -2.793967723846436e-09 1.000000000000000e+00 2.980232238769531e-08
cras   = -4.721832275390625e-02 2.119854736328125e+01 -2.963072204589844e+01
dst volume info
valid = 1  # volume info valid
filename = /opt/freesurfer/average/RB_all_withskull_2016-05-10.vc700.gca
volume = 256 256 256
voxelsize = 1.000000000000000e+00 1.000000000000000e+00 1.000000000000000e+00
xras   = -1.000000000000000e+00 0.000000000000000e+00 0.000000000000000e+00
yras   = 0.000000000000000e+00 0.000000000000000e+00 -1.000000000000000e+00
zras   = 0.000000000000000e+00 1.000000000000000e+00 0.000000000000000e+00
cras   = 0.000000000000000e+00 0.000000000000000e+00 0.000000000000000e+00
