type      = 1 # LINEAR_RAS_TO_RAS
nxforms   = 1
mean      = 0.0000 0.0000 0.0000
sigma     = 1.0000
1 4 4
1.012037038803101e+00 -1.921400055289268e-02 -5.741000175476074e-03 4.470059871673584e-01 
2.042599953711033e-02 1.024418950080872e+00 2.255419939756393e-01 -2.179379272460938e+01 
-3.888899832963943e-02 -2.894540131092072e-01 1.103816032409668e+00 8.778869628906250e+00 
0.000000000000000e+00 0.000000000000000e+00 0.000000000000000e+00 1.000000000000000e+00 
src volume info
valid = 1  # volume info valid
filename = /data/MOTUS/Folder_lou/parcellation_V2/output/MOT01/mri/orig_nu.mgz
volume = 256 256 256
voxelsize = 1.000000000000000e+00 1.000000000000000e+00 1.000000000000000e+00
xras   = -9.999999403953552e-01 -6.984919309616089e-10 9.313225746154785e-10
yras   = 0.000000000000000e+00 -2.980232238769531e-08 -1.000000000000000e+00
zras   = -2.793967723846436e-09 1.000000000000000e+00 2.980232238769531e-08
cras   = -4.721832275390625e-02 2.119854736328125e+01 -2.963072204589844e+01
dst volume info
valid = 1  # volume info valid
filename = /opt/freesurfer/average/mni305.cor.mgz
volume = 256 256 256
voxelsize = 1.000000000000000e+00 1.000000000000000e+00 1.000000000000000e+00
xras   = -1.000000000000000e+00 0.000000000000000e+00 0.000000000000000e+00
yras   = 0.000000000000000e+00 0.000000000000000e+00 -1.000000000000000e+00
zras   = 0.000000000000000e+00 1.000000000000000e+00 0.000000000000000e+00
cras   = 0.000000000000000e+00 0.000000000000000e+00 0.000000000000000e+00
subject fsaverage
fscale 0.100000
